[descriptive data]						
title	JP 2019-090947A Example 4 Z Nikkor 35mm f/1.8
[variable distances]						
Focal Length	1.57
Angle of View	64.9
F-Number	1.85
Image Height	2.4
Total Length	4.553
Distance	Infinity
Magnification	0
d0	Infinity
Bf	0.0425
[lens data]					
1	4.6232	0.102	1.51680	1.664	64.13
2	0.8784	0.354		1.346
3	4.0730	0.258	1.95375	1.314	32.33
4	-2.0290	0.083	1.60342	1.28	38.03
5	3.2358	0.108		1.138
6	-1.2945	0.172	1.68893	1.096	31.16
7	1.7517	0.329	1.85150	1.262	40.78
8	-1.7517	0.018		1.29
9	1.1917	0.368	1.49700	1.306	81.61
10	-3.5528	0.009		1.262
11	4.1556	0.057	1.83441	1.174	37.28
12	1.9836	0.187		1.114
13	AS	0.514		1.066
14	-0.9917	0.062	1.61293	0.956	36.94
15	-5.7790	0.012		0.99
16	2.1244	0.282	1.59282	1.088	68.62
17	-1.3918	0.209		1.124
18	-8.4171	0.098	1.69350	1.198	53.20
19	-2.8176	0.229		1.228
20	-1.8973	0.083	1.58313	1.29	59.46
21	-6.9348	0.751		1.408
22	0	0.074	1.51680	2.4	64.13
23	0	Bf		2.4
[aspherical data]
11	4.1556	-4.9288	-9.582E-02	5.043E-01	-4.618E-01
12	1.9836	-0.4693	-8.355E-02	5.689E-01	-2.913E-01
18	-8.3171	15.3255	-2.063E-01	6.890E-02
19	-2.8176	-0.9347	-2.416E-03	1.158E-01	1.983E-01	-1.130E-01
20	-1.8973	-0.1889	-1.143E-01	-1.549E-01
21	-6.9348	0	-9.359E-02	-1.873E-01	1.909E-01	-1.298E-01
[arg]
