[descriptive data]						
title	JP 2013-019993A Example 2					
[variable distances]						
Focal Length	58.0216
Angle of View	41.72
F-Number	1.450
Image Height	42.42
Total Length	92.20380
Distance	Infinity
Magnification	0
d0	Infinity
Bf	38.70000
[lens data]					
1	52.8577	6	1.74443	47.2	49.53
2	229.3475	0.1		47.2	
3	40.3738	6	1.755	39.6	52.34
4	354.9744	1.5	1.48749	39.6	70.31
5	42.4134	4.1038		35.1	
6	290.8467	1.5	1.68893	34.0	31.16
7	31.6359	6		33.0	
8	AS	6		28.4
9	-30.7873	1.7	1.72825	30.0	28.46
10	35.1427	7	1.883	33.5	40.66
11	-131.1407	0.1		33.5	
12	118.7661	6	1.883	33.8	40.66
13	-44.2318	1.5	1.53172	33.8	48.78
14	44.2683	6	1.7443	33.8	49.53
15	-77.2943	Bf		33.8	
[aspherical data]
1	52.8577	-0.4279	1.10084E-07	6.21998E-10	-4.25694E-13
15	-77.2943	13.1597	8.65514E-06	4.15940E-09	1.25812E-11	1.22728E-14
[figure]						
source	Nikon/JP2013-019993/Figure03.png
ppmm	25.56827739
originX	65
originY	857
[arg]
