[descriptive data]						
title	JP 2013-019993A Example 1					
[variable distances]						
Focal Length	58.0216					
Angle of View	41.64					
F-Number	1.45					
Image Height	43.2					
Total Length	95.29638					
Distance	Infinity					
Magnification	0					
d0	Infinity					
Bf	37.6			
[lens data]				
1	51.7941	6	1.74443	46.8
2	191.5939	0		44.7
3	39.9792	6	1.755	39.8
4	546.9494	1.5	1.48749	39.8
5	41.1536	3.0776		35.0
6	153.1313	1.5	1.68893	34.6
7	29.6376	7		33.5
8	AS	7		29.0
9	-31.4836	1.7	1.72825	30.1
10	29.5494	7	1.883	34.0
11	-215.6486	0.1		34.0
12	91.3538	6.8	1.883	34.0
13	-38.7052	1.5	1.53172	34.2
14	64.0255	5	1.74443	33.8
15	-83.7702	Bf		33.8
16	CG	2	1.5168	45.0
17	CG	0.4001		45.0
[aspherical data]								
5	41.1536	0.1611	1.40711E-06	-3.99157E-09	3.28658E-11	-3.91067E-14	-3.30740E-16	9.52810E-19
15	-83.7702	16.1429	9.22239E-06	5.47649E-09	1.42127E-11	1.99956E-14	-5.38560E-17	2.00860E-19
[figure]								
source	Nikon/JP2013-019993/Figure01.png							
ppmm	25.65635982							
originX	71							
originY	857							
